P_S1: 99.78473782539368
P_S2: 99.01561141014099
num_param: 108930332
test_mean_score: 1.0000
inference_fps: 133.2476
