P_S1: 99.2458164691925
P_S2: 99.11441802978516
num_param: 108930332
test_mean_score: 1.0000
inference_fps: 132.4645
