P_S1: 99.40434694290161
P_S2: 99.64401125907898
num_param: 108930332
test_mean_score: 0.7600
inference_fps: 134.5282
