P_S1: 99.6244728565216
P_S2: 99.18646812438965
num_param: 108930332
test_mean_score: 0.1200
inference_fps: 132.3176
