P_S1: 99.85432028770447
P_S2: 99.67128038406372
num_param: 108930332
test_mean_score: 1.0000
inference_fps: 135.9519
