P_S1: 99.71088171005249
P_S2: 99.02282953262329
num_param: 108930332
test_mean_score: 1.0000
inference_fps: 132.9380
