P_S1: 99.73052740097046
P_S2: 98.40026497840881
num_param: 108930332
test_mean_score: 1.0000
inference_fps: 135.0072
