P_S1: 99.78681206703186
P_S2: 99.33187365531921
num_param: 108930332
test_mean_score: 0.9400
inference_fps: 134.7147
