P_S1: 99.74552989006042
P_S2: 99.60185289382935
num_param: 108930332
test_mean_score: 1.0000
inference_fps: 132.4505
