P_S1: 99.71954822540283
P_S2: 99.48331117630005
num_param: 108930332
test_mean_score: 0.9800
inference_fps: 116.1447
