P_S1: 99.67026114463806
P_S2: 99.55264925956726
num_param: 108930332
test_mean_score: 1.0000
inference_fps: 131.6794
