P_S1: 99.65839982032776
P_S2: 98.71054291725159
num_param: 108930332
test_mean_score: 0.4200
inference_fps: 135.4691
