P_S1: 98.85315299034119
P_S2: 99.46736097335815
num_param: 108930332
test_mean_score: 0.3200
inference_fps: 134.1390
