P_S1: 99.72155094146729
P_S2: 99.49950575828552
num_param: 108930332
test_mean_score: 1.0000
inference_fps: 133.5368
