P_S1: 99.50118660926819
P_S2: 99.03927445411682
num_param: 108930332
test_mean_score: 0.6600
inference_fps: 133.5009
