P_S1: 97.5293755531311
P_S2: 99.48594570159912
num_param: 108930332
test_mean_score: 0.1000
inference_fps: 134.8907
