P_S1: 99.72639083862305
P_S2: 99.79041814804077
num_param: 108930332
test_mean_score: 1.0000
inference_fps: 135.2678
