P_S1: 99.74862933158875
P_S2: 99.40147995948792
num_param: 108930332
test_mean_score: 0.8600
inference_fps: 135.1571
