P_S1: 99.67522025108337
P_S2: 99.46497678756714
num_param: 108930332
test_mean_score: 1.0000
inference_fps: 134.4766
