P_S1: 99.66230392456055
P_S2: 98.6573338508606
num_param: 108930332
test_mean_score: 1.0000
inference_fps: 130.2965
