P_S1: 99.65800046920776
P_S2: 98.09218645095825
num_param: 108930332
test_mean_score: 0.8400
inference_fps: 132.7911
