P_S1: 99.68480467796326
P_S2: 99.25898313522339
num_param: 108930332
test_mean_score: 0.5600
inference_fps: 134.6891
