P_S1: 99.69947934150696
P_S2: 99.47894811630249
num_param: 108930332
test_mean_score: 0.7400
inference_fps: 123.7582
