P_S1: 99.61086511611938
P_S2: 98.81532192230225
num_param: 108930332
test_mean_score: 0.6800
inference_fps: 136.1442
