P_S1: 99.28842186927795
P_S2: 99.44351315498352
num_param: 108930332
test_mean_score: 0.7800
inference_fps: 130.4774
