P_S1: 98.89304637908936
P_S2: 98.62760901451111
num_param: 108930332
test_mean_score: 0.1200
inference_fps: 129.6142
