P_S1: 99.77872371673584
P_S2: 99.84603524208069
num_param: 108930332
test_mean_score: 1.0000
inference_fps: 134.7559
