P_S1: 99.52096939086914
P_S2: 99.47009086608887
num_param: 108930332
test_mean_score: 0.5600
inference_fps: 134.4833
