P_S1: 99.84739422798157
P_S2: 99.80820417404175
num_param: 108930332
test_mean_score: 1.0000
inference_fps: 131.4791
