P_S1: 99.38103556632996
P_S2: 99.27251935005188
num_param: 108930332
test_mean_score: 0.6600
inference_fps: 133.9606
