P_S1: 99.51075911521912
P_S2: 98.6788272857666
num_param: 108930332
test_mean_score: 0.0800
inference_fps: 133.5798
