P_S1: 99.58153963088989
P_S2: 99.41068887710571
num_param: 108930332
test_mean_score: 1.0000
inference_fps: 134.2801
