P_S1: 99.42153692245483
P_S2: 99.66508746147156
num_param: 108930332
test_mean_score: 0.8400
inference_fps: 134.5446
