P_S1: 99.22026991844177
P_S2: 99.52893257141113
num_param: 108930332
test_mean_score: 0.2400
inference_fps: 133.5997
