P_S1: 99.27156567573547
P_S2: 99.41771030426025
num_param: 108930332
test_mean_score: 0.5000
inference_fps: 131.7964
