P_S1: 99.74903464317322
P_S2: 98.96613955497742
num_param: 108930332
test_mean_score: 1.0000
inference_fps: 133.1003
