P_S1: 98.1611967086792
P_S2: 99.39029812812805
num_param: 108930332
test_mean_score: 0.9000
inference_fps: 134.4443
