P_S1: 99.60047602653503
P_S2: 99.30093288421631
num_param: 108930332
test_mean_score: 0.8600
inference_fps: 127.5963
