P_S1: 99.56753253936768
P_S2: 99.79877471923828
num_param: 108930332
test_mean_score: 0.0000
inference_fps: 133.2445
