P_S1: 99.65804815292358
P_S2: 99.80056285858154
num_param: 108930332
test_mean_score: 0.9000
inference_fps: 132.0451
