P_S1: 99.55129027366638
P_S2: 99.44350719451904
num_param: 108930332
test_mean_score: 0.1400
inference_fps: 120.9896
