P_S1: 99.54097867012024
P_S2: 99.62027668952942
num_param: 108930332
test_mean_score: 0.6000
inference_fps: 133.7238
