P_S1: 99.5332419872284
P_S2: 99.37669038772583
num_param: 108930332
test_mean_score: 1.0000
inference_fps: 135.8122
