P_S1: 99.72317218780518
P_S2: 99.28937554359436
num_param: 108930332
test_mean_score: 1.0000
inference_fps: 132.9917
