P_S1: 99.49948787689209
P_S2: 99.65271353721619
num_param: 108930332
test_mean_score: 0.5200
inference_fps: 133.1957
