P_S1: 99.31510090827942
P_S2: 99.2411196231842
num_param: 108930332
test_mean_score: 0.4000
inference_fps: 133.2213
