P_S1: 87.61494755744934
P_S2: 96.94337844848633
num_param: 108930332
test_mean_score: 0.5600
inference_fps: 14.3343
