P_S1: 91.21628999710083
P_S2: 99.05123710632324
num_param: 108930332
test_mean_score: 0.6600
inference_fps: 13.6613
