P_S1: 90.70736169815063
P_S2: 98.13954830169678
num_param: 108930332
test_mean_score: 0.3400
inference_fps: 13.5722
