P_S1: 88.26807141304016
P_S2: 97.98340201377869
num_param: 108930332
test_mean_score: 0.5400
inference_fps: 14.3991
