P_S1: 98.1546938419342
P_S2: 99.38582181930542
num_param: 108930332
test_mean_score: 0.8000
inference_fps: 129.1345
