P_S1: 99.62366819381714
P_S2: 99.18546080589294
num_param: 108930332
test_mean_score: 0.1200
inference_fps: 130.0356
