P_S1: 99.69863891601562
P_S2: 99.47726130485535
num_param: 108930332
test_mean_score: 0.8800
inference_fps: 131.1801
