P_S1: 99.74810481071472
P_S2: 99.39725399017334
num_param: 108930332
test_mean_score: 0.9000
inference_fps: 129.7882
