P_S1: 98.57527017593384
P_S2: 99.8186469078064
num_param: 108930332
test_mean_score: 0.9600
inference_fps: 13.9386
