P_S1: 92.49799251556396
P_S2: 98.2086181640625
num_param: 108930332
test_mean_score: 0.2000
inference_fps: 14.2233
