P_S1: 81.98884725570679
P_S2: 96.71486616134644
num_param: 108930332
test_mean_score: 0.8800
inference_fps: 14.6260
