P_S1: 99.91175532341003
P_S2: 98.79292845726013
num_param: 108930332
test_mean_score: 1.0000
inference_fps: 13.9368
