P_S1: 91.53745174407959
P_S2: 98.36562275886536
num_param: 108930332
test_mean_score: 1.0000
inference_fps: 14.6266
