P_S1: 92.8111732006073
P_S2: 98.1084942817688
num_param: 108930332
test_mean_score: 1.0000
inference_fps: 14.4326
