P_S1: 88.26864957809448
P_S2: 97.98684120178223
num_param: 108930332
test_mean_score: 0.5000
inference_fps: 14.5640
