P_S1: 90.96845984458923
P_S2: 98.37276935577393
num_param: 108930332
test_mean_score: 0.9600
inference_fps: 14.1228
