P_S1: 96.85526490211487
P_S2: 99.19362664222717
num_param: 108930332
test_mean_score: 1.0000
inference_fps: 14.2407
