P_S1: 99.30586218833923
P_S2: 99.83333945274353
num_param: 108930332
test_mean_score: 0.5200
inference_fps: 14.7044
