P_S1: 93.03142428398132
P_S2: 99.36825633049011
num_param: 108930332
test_mean_score: 1.0000
inference_fps: 13.7131
