P_S1: 87.95006275177002
P_S2: 96.21556997299194
num_param: 108930332
test_mean_score: 1.0000
inference_fps: 14.2637
