P_S1: 91.71913266181946
P_S2: 98.88502359390259
num_param: 108930332
test_mean_score: 1.0000
inference_fps: 14.7876
