P_S1: 91.21763110160828
P_S2: 99.05173778533936
num_param: 108930332
test_mean_score: 0.6800
inference_fps: 13.9273
