P_S1: 89.31220173835754
P_S2: 98.81594181060791
num_param: 108930332
test_mean_score: 0.7000
inference_fps: 13.6785
