P_S1: 92.26924180984497
P_S2: 98.82784485816956
num_param: 108930332
test_mean_score: 0.0800
inference_fps: 13.5519
