P_S1: 95.94375491142273
P_S2: 98.63479733467102
num_param: 108930332
test_mean_score: 0.9400
inference_fps: 13.9005
