P_S1: 98.03079962730408
P_S2: 99.88207221031189
num_param: 108930332
test_mean_score: 1.0000
inference_fps: 14.7203
