P_S1: 97.69732356071472
P_S2: 99.51762557029724
num_param: 108930332
test_mean_score: 1.0000
inference_fps: 14.8156
