P_S1: 97.7460265159607
P_S2: 99.15601015090942
num_param: 108930332
test_mean_score: 1.0000
inference_fps: 14.2516
