P_S1: 92.51165390014648
P_S2: 98.52462410926819
num_param: 108930332
test_mean_score: 0.9800
inference_fps: 14.7404
