P_S1: 96.13673090934753
P_S2: 99.54631924629211
num_param: 108930332
test_mean_score: 1.0000
inference_fps: 14.0711
