P_S1: 90.22055864334106
P_S2: 98.25570583343506
num_param: 108930332
test_mean_score: 0.6200
inference_fps: 13.4977
