P_S1: 85.21708250045776
P_S2: 95.33255100250244
num_param: 108930332
test_mean_score: 1.0000
inference_fps: 14.3277
