P_S1: 96.99090719223022
P_S2: 99.80315566062927
num_param: 108930332
test_mean_score: 1.0000
inference_fps: 14.3553
