P_S1: 95.45614719390869
P_S2: 98.83111715316772
num_param: 108930332
test_mean_score: 0.9200
inference_fps: 14.3576
