P_S1: 97.20889329910278
P_S2: 99.79850649833679
num_param: 108930332
test_mean_score: 0.2800
inference_fps: 13.5856
