P_S1: 90.78762531280518
P_S2: 98.43692183494568
num_param: 108930332
test_mean_score: 0.7400
inference_fps: 14.3570
