P_S1: 96.74389362335205
P_S2: 99.45415258407593
num_param: 108930332
test_mean_score: 0.0000
inference_fps: 14.1129
