P_S1: 99.85193014144897
P_S2: 99.94257688522339
num_param: 108930332
test_mean_score: 1.0000
inference_fps: 14.3677
