P_S1: 94.05545592308044
P_S2: 98.17706346511841
num_param: 108930332
test_mean_score: 0.4800
inference_fps: 13.9112
