P_S1: 92.07170009613037
P_S2: 98.13149571418762
num_param: 108930332
test_mean_score: 1.0000
inference_fps: 13.2869
