P_S1: 99.5459794998169
P_S2: 99.9647319316864
num_param: 108930332
test_mean_score: 0.2800
inference_fps: 14.3812
