P_S1: 94.47429776191711
P_S2: 99.11956191062927
num_param: 108930332
test_mean_score: 0.8400
inference_fps: 13.8285
