P_S1: 98.80332350730896
P_S2: 99.8879075050354
num_param: 108930332
test_mean_score: 1.0000
inference_fps: 14.0847
