P_S1: 94.18134689331055
P_S2: 98.74249696731567
num_param: 108930332
test_mean_score: 0.5600
inference_fps: 14.2901
