P_S1: 87.82846331596375
P_S2: 96.0115373134613
num_param: 108930332
test_mean_score: 0.1800
inference_fps: 14.9007
