P_S1: 90.71427583694458
P_S2: 98.14526438713074
num_param: 108930332
test_mean_score: 0.4800
inference_fps: 13.7302
