P_S1: 97.36554026603699
P_S2: 99.11390542984009
num_param: 108930332
test_mean_score: 0.8600
inference_fps: 13.1811
