P_S1: 97.34081029891968
P_S2: 99.22133088111877
num_param: 108930332
test_mean_score: 0.8200
inference_fps: 14.4657
