P_S1: 99.68866109848022
P_S2: 99.94848370552063
num_param: 108930332
test_mean_score: 1.0000
inference_fps: 14.1476
