P_S1: 96.96643948554993
P_S2: 99.24143552780151
num_param: 108930332
test_mean_score: 1.0000
inference_fps: 13.9428
