P_S1: 93.88324022293091
P_S2: 98.63603711128235
num_param: 108930332
test_mean_score: 0.3200
inference_fps: 14.3691
