P_S1: 93.66653561592102
P_S2: 99.12159442901611
num_param: 108930332
test_mean_score: 1.0000
inference_fps: 14.4143
