P_S1: 99.3992030620575
P_S2: 99.4109034538269
num_param: 108930332
test_mean_score: 0.6800
inference_fps: 14.7175
