P_S1: 87.61534690856934
P_S2: 96.94594740867615
num_param: 108930332
test_mean_score: 0.5200
inference_fps: 14.3960
