P_S1: 99.72549676895142
P_S2: 99.78915452957153
num_param: 108930332
test_mean_score: 1.0000
inference_fps: 116.7827
