P_S1: 99.33043718338013
P_S2: 99.97224807739258
num_param: 128391284
test_mean_score: 0.5600
inference_fps: 11.9379
