P_S1: 99.81464743614197
P_S2: 99.99537467956543
num_param: 128391284
test_mean_score: 1.0000
inference_fps: 11.6145
