P_S1: 99.99886155128479
P_S2: 99.99935030937195
num_param: 128391284
test_mean_score: 1.0000
inference_fps: 11.5272
