P_S1: 99.84318614006042
P_S2: 99.35018420219421
num_param: 108930332
test_mean_score: 0.9400
inference_fps: 133.4623
