P_S1: 98.80765080451965
P_S2: 99.38124418258667
num_param: 108930332
test_mean_score: 0.8400
inference_fps: 139.0373
