P_S1: 99.76550340652466
P_S2: 99.18190240859985
num_param: 108930332
test_mean_score: 0.1200
inference_fps: 139.0233
