P_S1: 99.81564283370972
P_S2: 99.45793151855469
num_param: 108930332
test_mean_score: 0.6200
inference_fps: 130.2672
