P_S1: 99.59101676940918
P_S2: 99.23208951950073
num_param: 108930332
test_mean_score: 0.4400
inference_fps: 127.8891
