P_S1: 99.52462911605835
P_S2: 99.47659969329834
num_param: 108930332
test_mean_score: 0.5000
inference_fps: 132.3748
