P_S1: 99.76081848144531
P_S2: 98.8490343093872
num_param: 108930332
test_mean_score: 0.6400
inference_fps: 132.4820
