P_S1: 99.71839189529419
P_S2: 99.12330508232117
num_param: 108930332
test_mean_score: 0.7000
inference_fps: 137.2155
