P_S1: 99.71635937690735
P_S2: 99.81534481048584
num_param: 108930332
test_mean_score: 0.0000
inference_fps: 133.9728
