P_S1: 99.59892630577087
P_S2: 99.31536912918091
num_param: 108930332
test_mean_score: 0.8000
inference_fps: 124.4484
