P_S1: 99.771648645401
P_S2: 99.8117446899414
num_param: 108930332
test_mean_score: 0.9000
inference_fps: 134.4542
