P_S1: 99.75889921188354
P_S2: 99.25353527069092
num_param: 108930332
test_mean_score: 0.0600
inference_fps: 132.4463
