P_S1: 99.4687557220459
P_S2: 99.5751440525055
num_param: 108930332
test_mean_score: 0.2600
inference_fps: 132.2512
