P_S1: 99.78082180023193
P_S2: 99.50547218322754
num_param: 108930332
test_mean_score: 1.0000
inference_fps: 131.2593
