P_S1: 99.81555938720703
P_S2: 99.31779503822327
num_param: 108930332
test_mean_score: 1.0000
inference_fps: 134.7947
