P_S1: 99.80335831642151
P_S2: 99.52208399772644
num_param: 108930332
test_mean_score: 0.7200
inference_fps: 122.6989
