P_S1: 99.60755109786987
P_S2: 99.65749382972717
num_param: 108930332
test_mean_score: 0.8600
inference_fps: 133.2588
