P_S1: 99.84027743339539
P_S2: 99.0028440952301
num_param: 108930332
test_mean_score: 1.0000
inference_fps: 133.5747
