P_S1: 99.85137581825256
P_S2: 99.10656213760376
num_param: 108930332
test_mean_score: 1.0000
inference_fps: 113.0799
