P_S1: 99.81553554534912
P_S2: 99.60176944732666
num_param: 108930332
test_mean_score: 1.0000
inference_fps: 134.7743
