P_S1: 99.69169497489929
P_S2: 99.41089153289795
num_param: 108930332
test_mean_score: 1.0000
inference_fps: 137.4869
