P_S1: 99.808269739151
P_S2: 99.53278303146362
num_param: 108930332
test_mean_score: 1.0000
inference_fps: 133.4504
