P_S1: 99.66698884963989
P_S2: 98.67125153541565
num_param: 108930332
test_mean_score: 0.0800
inference_fps: 125.0764
