P_S1: 99.68113899230957
P_S2: 99.67585802078247
num_param: 108930332
test_mean_score: 0.5000
inference_fps: 119.3534
