P_S1: 99.28682446479797
P_S2: 98.64103198051453
num_param: 108930332
test_mean_score: 0.0600
inference_fps: 132.1343
