P_S1: 99.80990290641785
P_S2: 99.10752177238464
num_param: 108930332
test_mean_score: 1.0000
inference_fps: 122.7153
