P_S1: 99.67319369316101
P_S2: 99.51425790786743
num_param: 108930332
test_mean_score: 0.4800
inference_fps: 131.3731
