P_S1: 99.97994899749756
P_S2: 99.99061822891235
num_param: 128391284
test_mean_score: 1.0000
inference_fps: 113.2918
