P_S1: 99.9501883983612
P_S2: 99.96574521064758
num_param: 128391284
test_mean_score: 0.5200
inference_fps: 112.7241
