P_S1: 99.97879266738892
P_S2: 99.97690916061401
num_param: 128391284
test_mean_score: 0.9200
inference_fps: 112.3494
