P_S1: 89.31044936180115
P_S2: 98.81304502487183
num_param: 108930332
test_mean_score: 0.7800
inference_fps: 13.7233
