P_S1: 99.85172152519226
P_S2: 99.94226694107056
num_param: 108930332
test_mean_score: 1.0000
inference_fps: 14.0575
