P_S1: 92.81257390975952
P_S2: 98.10625910758972
num_param: 108930332
test_mean_score: 1.0000
inference_fps: 12.0370
