P_S1: 94.05311942100525
P_S2: 98.17548990249634
num_param: 108930332
test_mean_score: 0.4600
inference_fps: 13.4816
