P_S1: 97.83350229263306
P_S2: 99.55671429634094
num_param: 108930332
test_mean_score: 0.9400
inference_fps: 14.4201
