P_S1: 93.87876987457275
P_S2: 98.63223433494568
num_param: 108930332
test_mean_score: 0.3000
inference_fps: 14.3830
