P_S1: 98.57418537139893
P_S2: 99.81823563575745
num_param: 108930332
test_mean_score: 0.9600
inference_fps: 13.4389
