P_S1: 91.53769612312317
P_S2: 98.36418032646179
num_param: 108930332
test_mean_score: 1.0000
inference_fps: 13.6260
