P_S1: 93.03420782089233
P_S2: 99.36800003051758
num_param: 108930332
test_mean_score: 0.9800
inference_fps: 13.5793
