P_S1: 99.91166591644287
P_S2: 98.79297614097595
num_param: 108930332
test_mean_score: 1.0000
inference_fps: 14.1855
