P_S1: 94.47779655456543
P_S2: 99.11778569221497
num_param: 108930332
test_mean_score: 0.8000
inference_fps: 13.9104
