P_S1: 95.45643329620361
P_S2: 98.82938265800476
num_param: 108930332
test_mean_score: 0.9600
inference_fps: 12.5857
