P_S1: 96.13829851150513
P_S2: 99.54577684402466
num_param: 108930332
test_mean_score: 1.0000
inference_fps: 14.1655
