P_S1: 97.34257459640503
P_S2: 99.21947717666626
num_param: 108930332
test_mean_score: 0.7800
inference_fps: 14.1451
