P_S1: 90.22178053855896
P_S2: 98.24666380882263
num_param: 108930332
test_mean_score: 0.7200
inference_fps: 11.9892
