P_S1: 97.74558544158936
P_S2: 99.15418028831482
num_param: 108930332
test_mean_score: 1.0000
inference_fps: 14.0249
