P_S1: 93.03420782089233
P_S2: 99.36800003051758
num_param: 108930332
test_mean_score: 1.0000
inference_fps: 13.0708
