P_S1: 99.91393685340881
P_S2: 99.91318583488464
num_param: 108930332
test_mean_score: 1.0000
inference_fps: 13.7739
