P_S1: 99.31418299674988
P_S2: 99.23805594444275
num_param: 108930332
test_mean_score: 0.3400
inference_fps: 128.9304
