P_S1: 99.81293678283691
P_S2: 99.80222582817078
num_param: 108930332
test_mean_score: 1.0000
inference_fps: 136.4505
