P_S1: 99.5272696018219
P_S2: 99.44846630096436
num_param: 108930332
test_mean_score: 0.7800
inference_fps: 134.8730
