P_S1: 98.38809967041016
P_S2: 99.54516887664795
num_param: 108930332
test_mean_score: 0.1400
inference_fps: 132.0025
