P_S1: 99.74810481071472
P_S2: 99.39725399017334
num_param: 108938332
test_mean_score: 0.9600
inference_fps: 123.7795
