P_S1: 98.1546938419342
P_S2: 99.38582181930542
num_param: 108938332
test_mean_score: 0.8400
inference_fps: 131.3637
