P_S1: 99.62366819381714
P_S2: 99.18546080589294
num_param: 108938332
test_mean_score: 0.0800
inference_fps: 126.3401
