P_S1: 99.7018814086914
P_S2: 99.1536796092987
num_param: 108930332
test_mean_score: 0.0800
inference_fps: 132.4297
