P_S1: 99.46654438972473
P_S2: 99.2068350315094
num_param: 108930332
test_mean_score: 0.4200
inference_fps: 132.4264
