P_S1: 98.47405552864075
P_S2: 99.37002658843994
num_param: 108930332
test_mean_score: 0.8800
inference_fps: 133.5651
