P_S1: 99.76298809051514
P_S2: 99.4450330734253
num_param: 108930332
test_mean_score: 0.8000
inference_fps: 132.9868
