P_S1: 99.79810118675232
P_S2: 99.3437647819519
num_param: 108930332
test_mean_score: 0.9200
inference_fps: 128.4240
