P_S1: 98.1546938419342
P_S2: 99.38582181930542
num_param: 108938332
test_mean_score: 0.9000
inference_fps: 130.6019
