P_S1: 99.69863891601562
P_S2: 99.47726130485535
num_param: 108938332
test_mean_score: 0.8000
inference_fps: 132.2433
