P_S1: 98.7851083278656
P_S2: 99.41462874412537
num_param: 108930332
test_mean_score: 0.8200
inference_fps: 132.4327
