P_S1: 99.80335831642151
P_S2: 99.52208399772644
num_param: 108930332
test_mean_score: 0.6800
inference_fps: 140.3673
