P_S1: 99.56268072128296
P_S2: 99.2793083190918
num_param: 108930332
test_mean_score: 0.5000
inference_fps: 80.6343
