P_S1: 99.83437657356262
P_S2: 99.40780997276306
num_param: 108930332
test_mean_score: 0.9200
inference_fps: 137.8705
