P_S1: 99.8505175113678
P_S2: 99.35711622238159
num_param: 108930332
test_mean_score: 0.1800
inference_fps: 132.5859
