P_S1: 99.88704323768616
P_S2: 99.59915280342102
num_param: 108930332
test_mean_score: 0.6400
inference_fps: 140.9944
