P_S1: 99.29903745651245
P_S2: 99.49945211410522
num_param: 108930332
test_mean_score: 0.7600
inference_fps: 130.1958
