P_S1: 99.76011514663696
P_S2: 99.39818978309631
num_param: 108930332
test_mean_score: 0.4800
inference_fps: 131.6359
