P_S1: 99.9082624912262
P_S2: 99.49962496757507
num_param: 108930332
test_mean_score: 0.9800
inference_fps: 132.5544
